0.419207515926539 0.082914518726690 0.429207515926539 0.092914518726690
0.869842095955396 0.912743181908553 0.879842095955396 0.922743181908553
0.241587478501413 0.528002686938842 0.251587478501413 0.538002686938842
0.826074183580263 0.434372525538185 0.836074183580263 0.444372525538185
0.276897910883801 0.859073719265078 0.286897910883801 0.869073719265078
0.950190609647675 0.128647383188134 0.960190609647675 0.138647383188134
0.049659982150920 0.548791188819580 0.059659982150920 0.558791188819580
0.099748698235580 0.817132011894743 0.109748698235580 0.827132011894743
0.537597459756512 0.641754336636668 0.547597459756512 0.651754336636668
0.987448710714094 0.158137545391740 0.997448710714094 0.168137545391740
0.139103250717383 0.740547368265879 0.149103250717383 0.750547368265879
0.189765241843211 0.337163183736195 0.199765241843211 0.347163183736195
0.886434584966454 0.858221696910583 0.896434584966454 0.868221696910583
0.199906628915285 0.890753452036725 0.209906628915285 0.900753452036725
0.213016729933046 0.970249866980693 0.223016729933046 0.980249866980693
0.572251455637214 0.317610942334190 0.582251455637214 0.327610942334190
0.756087020815214 0.748403183833394 0.766087020815214 0.758403183833394
0.893888831232738 0.920842294181387 0.903888831232738 0.930842294181387
0.130012464058393 0.139669692185497 0.140012464058393 0.149669692185497
0.788615027626772 0.146505022035390 0.798615027626772 0.156505022035390
0.340965773592116 0.165243105342613 0.350965773592116 0.175243105342613
0.409715826550798 0.536161300191244 0.419715826550798 0.546161300191244
0.530246013169824 0.557777051939925 0.540246013169824 0.567777051939925
0.910090699713780 0.294934099514745 0.920090699713780 0.304934099514745
0.031382086786917 0.629513336285961 0.041382086786917 0.639513336285961
0.191750765142488 0.391600061791480 0.201750765142488 0.401600061791480
0.305258369381144 0.069557132092386 0.315258369381144 0.079557132092386
0.831450207332630 0.053542748442019 0.841450207332630 0.063542748442019
0.177853500579503 0.205485551312795 0.187853500579503 0.215485551312795
0.455186375445028 0.496928605996569 0.465186375445028 0.506928605996569
0.946785253606365 0.632640653042461 0.956785253606365 0.642640653042461
0.991530688510131 0.741257387872761 1.001530688510131 0.751257387872761
0.345705307120374 0.013871685193283 0.355705307120374 0.023871685193283
0.172229274452355 0.397477713268251 0.182229274452355 0.407477713268251
0.059689895074597 0.283155584662967 0.069689895074597 0.293155584662967
0.368238518579127 0.390147421103739 0.378238518579127 0.400147421103739
0.470123677038644 0.448438635697403 0.480123677038644 0.458438635697403
0.350337246364580 0.676657553844595 0.360337246364580 0.686657553844595
0.574175518742329 0.682206490861850 0.584175518742329 0.692206490861850
0.845684278807098 0.160327929370855 0.855684278807098 0.170327929370855
0.571816795944267 0.412703570617852 0.581816795944267 0.422703570617852
0.825165967028127 0.159220986129136 0.835165967028127 0.169220986129136
0.442434052595808 0.684387323338238 0.452434052595808 0.694387323338238
0.301105450094862 0.988810169283633 0.311105450094862 0.998810169283633
0.943439921282766 0.143116055234644 0.953439921282766 0.153116055234644
0.040881700129082 0.444177700841541 0.050881700129082 0.454177700841541
0.854886900009210 0.619734396783136 0.864886900009210 0.629734396783136
0.009232905085104 0.226205947801663 0.019232905085104 0.236205947801663
0.966941182596895 0.435133130837460 0.976941182596895 0.445133130837460
0.540495675263699 0.646265517565863 0.550495675263699 0.656265517565863
0.261174445613499 0.230525327826210 0.271174445613499 0.240525327826210
0.211757484362055 0.265192354615066 0.221757484362055 0.275192354615066
0.971983685376245 0.338593910780825 0.981983685376245 0.348593910780825
0.138876949520043 0.474885069551922 0.148876949520043 0.484885069551922
0.731050206896899 0.454330632726214 0.741050206896899 0.464330632726214
0.949552886544244 0.414642962987289 0.959552886544244 0.424642962987289
0.795600868209083 0.638799608621351 0.805600868209083 0.648799608621351
0.001099425441852 0.029404056746002 0.011099425441852 0.039404056746002
0.440336098826196 0.494723788458259 0.450336098826196 0.504723788458259
0.505311314413809 0.523331777756613 0.515311314413809 0.533331777756613
0.953240695769181 0.689705348745261 0.963240695769181 0.699705348745261
0.098780013273090 0.939737518973224 0.108780013273090 0.949737518973224
0.317094939776627 0.871056489448391 0.327094939776627 0.881056489448391
0.054247771608203 0.107116198016875 0.064247771608203 0.117116198016875
0.581355495790888 0.415630158323186 0.591355495790888 0.425630158323186
0.767063319781630 0.731109988872840 0.777063319781630 0.741109988872840
0.133176524498551 0.388704852454599 0.143176524498551 0.398704852454599
0.370529548875313 0.983505265723192 0.380529548875313 0.993505265723192
0.561693447248297 0.547891260032452 0.571693447248297 0.557891260032452
0.334909933516940 0.541906371389561 0.344909933516940 0.551906371389561
0.576293444562727 0.221193219888336 0.586293444562727 0.231193219888336
0.687087129693932 0.667519326182189 0.697087129693932 0.677519326182189
0.487447745580806 0.412768788712361 0.497447745580806 0.422768788712361
0.051343889965870 0.573517044343720 0.061343889965870 0.583517044343720
0.087783004364109 0.545601664252966 0.097783004364109 0.555601664252966
0.056462495467093 0.032747498332356 0.066462495467093 0.042747498332356
0.381420249393039 0.837207520779264 0.391420249393039 0.847207520779264
0.780316110789943 0.901084242950237 0.790316110789943 0.911084242950237
0.501211375873113 0.422663210693873 0.511211375873113 0.432663210693873
0.810351544377925 0.991509237236246 0.820351544377925 1.001509237236246
0.326355254491814 0.988661508598927 0.336355254491814 0.998661508598927
0.186839631576237 0.524055260062057 0.196839631576237 0.534055260062057
0.766976243356702 0.862957632845272 0.776976243356702 0.872957632845272
0.965496268839419 0.198025976908208 0.975496268839419 0.208025976908208
0.417600192237553 0.215488201192412 0.427600192237553 0.225488201192412
0.387053077009153 0.785449189731931 0.397053077009153 0.795449189731931
0.298064356929729 0.270607280174921 0.308064356929729 0.280607280174921
0.673583740903879 0.028509396669675 0.683583740903879 0.038509396669675
0.698248950226881 0.204297891318916 0.708248950226881 0.214297891318916
0.284868756688669 0.538743274859424 0.294868756688669 0.548743274859424
0.722120030092038 0.705881918671652 0.732120030092038 0.715881918671652
0.062807140781530 0.342072396013261 0.072807140781530 0.352072396013261
0.986924649536705 0.020665211872807 0.996924649536705 0.030665211872807
0.067861251906536 0.691285057525787 0.077861251906536 0.701285057525787
0.074980962858876 0.658118363451874 0.084980962858876 0.668118363451874
0.068746168406695 0.776369134903163 0.078746168406695 0.786369134903163
0.758357539293631 0.849608618495853 0.768357539293631 0.859608618495853
0.585053216783296 0.003136772763202 0.595053216783296 0.013136772763202
0.720837507596494 0.270361281632937 0.730837507596494 0.280361281632937
0.102222140256226 0.581870217042554 0.112222140256226 0.591870217042554
