0.176998666446945 0.902423844935321 0.208598666446945 0.934023844935321
0.336245678275968 0.721557484750699 0.367845678275968 0.753157484750699
0.364682775131555 0.385021207172015 0.396282775131555 0.416621207172015
0.965887615042932 0.846689035959373 0.997487615042932 0.878289035959373
0.728435014586467 0.956365268880736 0.760035014586467 0.987965268880736
0.053447086576373 0.589469456710048 0.085047086576373 0.621069456710048
0.708756844089456 0.546118137720317 0.740356844089456 0.577718137720317
0.418650122147079 0.609717115416821 0.450250122147079 0.641317115416821
0.643179500070975 0.658661242711935 0.674779500070975 0.690261242711935
0.482755491625133 -0.013905012966192 0.514355491625133 0.017694987033808
0.158403525935666 0.612268463239638 0.190003525935666 0.643868463239638
0.352642615175419 0.497806700619387 0.384242615175419 0.529406700619387
0.577934494138373 0.075796259230642 0.609534494138373 0.107396259230642
0.787232299800666 0.323209572082947 0.818832299800666 0.354809572082947
0.413116538520749 0.860684609328191 0.444716538520749 0.892284609328191
0.567755026062731 -0.007466956316951 0.599355026062731 0.024133043683049
0.045504524403444 0.630164875109451 0.077104524403444 0.661764875109451
0.224046009538525 0.151618184156104 0.255646009538525 0.183218184156104
0.779804452436508 0.172921674413845 0.811404452436508 0.204521674413845
0.030959941831833 0.194569618074556 0.062559941831833 0.226169618074556
0.549150839300942 0.155057715708683 0.580750839300942 0.186657715708683
0.682162337556830 0.105438817825899 0.713762337556830 0.137038817825899
0.688279299323749 0.812062006826805 0.719879299323749 0.843662006826805
0.072968925645017 0.912533321573419 0.104568925645017 0.944133321573419
0.355190607580379 0.871583531213938 0.386790607580379 0.903183531213938
0.179568035488407 0.003673562973622 0.211168035488407 0.035273562973622
0.378193016512891 0.108163786975145 0.409793016512891 0.139763786975145
0.108875437573713 0.176695482417722 0.140475437573713 0.208295482417722
0.532747055763290 0.322683491986775 0.564347055763290 0.354283491986775
0.011434726838770 0.706723486478312 0.043034726838770 0.738323486478313
0.511327742198185 0.212130065148609 0.542927742198185 0.243730065148609
0.699190992341945 0.900214855594861 0.730790992341945 0.931814855594861
0.139556626681598 0.549394048856680 0.171156626681598 0.580994048856680
0.490628859495757 0.575503742351978 0.522228859495757 0.607103742351978
0.713146515513398 0.328154545288569 0.744746515513398 0.359754545288569
0.017680673483806 0.660548680754301 0.049280673483806 0.692148680754301
0.682739678074689 0.044514628203143 0.714339678074689 0.076114628203143
0.471974215468666 0.630814871901981 0.503574215468666 0.662414871901981
0.297510373358003 0.084900185269932 0.329110373358003 0.116500185269932
0.042403948266512 0.823698443188890 0.074003948266512 0.855298443188890
0.233440662802794 0.268836226785683 0.265040662802794 0.300436226785683
0.101672916620506 0.760626855273387 0.133272916620506 0.792226855273387
0.678468301484162 0.955566985989294 0.710068301484162 0.987166985989294
0.036367625525576 0.483946133690340 0.067967625525576 0.515546133690340
0.824244242599066 0.765087407138632 0.855844242599066 0.796687407138632
0.483291524533414 0.572931853600561 0.514891524533414 0.604531853600561
0.223026054045284 0.887005106860340 0.254626054045284 0.918605106860340
0.134196699598003 0.941737700879453 0.165796699598003 0.973337700879453
0.008273537688262 0.154753780840274 0.039873537688262 0.186353780840274
0.201718359535353 0.741822165867893 0.233318359535353 0.773422165867893
0.548800381072853 0.548029910978785 0.580400381072853 0.579629910978785
0.101229497816938 0.692369529069637 0.132829497816939 0.723969529069637
0.708876763028743 0.552927338912104 0.740476763028743 0.584527338912104
0.896498137839243 0.944449496171140 0.928098137839243 0.976049496171140
0.520464640829386 0.857094503863162 0.552064640829386 0.888694503863163
0.581443433547209 0.148134463900921 0.613043433547209 0.179734463900921
0.738808505659772 0.186341709207233 0.770408505659772 0.217941709207233
0.325950327494139 0.736521809610104 0.357550327494139 0.768121809610105
0.448892180042024 0.699476853321493 0.480492180042024 0.731076853321493
0.400617670466500 0.566583658387262 0.432217670466500 0.598183658387262
0.617811767250947 0.249749811802407 0.649411767250948 0.281349811802407
0.613477538166424 0.963994103472138 0.645077538166424 0.995594103472138
0.246903838944234 -0.005862953100459 0.278503838944234 0.025737046899541
0.741138664795475 0.907560187919662 0.772738664795475 0.939160187919662
0.567507302007241 0.285799910296278 0.599107302007241 0.317399910296278
0.617469980372197 0.558609096265696 0.649069980372197 0.590209096265696
0.545525584150520 0.520401230568330 0.577125584150520 0.552001230568330
0.254855166853046 0.591661116649814 0.286455166853046 0.623261116649814
0.812496232465433 0.623566626885949 0.844096232465433 0.655166626885949
0.616212495443323 0.814944451836087 0.647812495443323 0.846544451836087
0.024662589038699 0.164628641923381 0.056262589038699 0.196228641923381
0.430388775299993 0.382783822235759 0.461988775299993 0.414383822235759
0.566582316873233 0.660892881871529 0.598182316873233 0.692492881871529
0.749200124793124 0.496622563474384 0.780800124793124 0.528222563474384
0.462096278754714 0.497017603550512 0.493696278754714 0.528617603550512
0.781306215665202 0.867413224121378 0.812906215665202 0.899013224121378
0.333020096556038 0.025699049789224 0.364620096556038 0.057299049789224
0.906268801720540 0.369339165074349 0.937868801720540 0.400939165074349
0.254710219930286 0.838706986688219 0.286310219930286 0.870306986688220
0.671559756892675 0.253305834089909 0.703159756892675 0.284905834089909
0.397695125599257 0.901415881418584 0.429295125599257 0.933015881418584
0.005947022560043 0.008366891105887 0.037547022560043 0.039966891105887
0.415851290271990 0.229329420623395 0.447451290271990 0.260929420623395
0.844601989657656 0.460227117801115 0.876201989657657 0.491827117801115
0.644142757120317 0.051696925070881 0.675742757120317 0.083296925070881
0.854435132570197 0.978190521846455 0.886035132570197 1.009790521846455
0.302732358289334 0.955172243860355 0.334332358289334 0.986772243860355
0.972581059815065 0.725398406427258 1.004181059815065 0.756998406427258
0.069311219071696 0.329567197569905 0.100911219071696 0.361167197569905
0.026618284533811 0.731929476845403 0.058218284533811 0.763529476845403
0.577782736957085 0.548102837578370 0.609382736957085 0.579702837578370
0.792022811696568 0.196309273402810 0.823622811696568 0.227909273402810
0.628975982840337 0.706164084201331 0.660575982840337 0.737764084201331
0.460519176471383 0.828204404821386 0.492119176471383 0.859804404821386
0.157852663931163 0.415414106449693 0.189452663931163 0.447014106449693
0.642405897366581 0.233552144394274 0.674005897366581 0.265152144394274
0.291710926616766 0.104226718853029 0.323310926616766 0.135826718853029
0.706597229937774 0.313103693738129 0.738197229937774 0.344703693738129
0.155177960354624 0.510746859091963 0.186777960354624 0.542346859091963
0.474036388509929 0.396335018252125 0.505636388509929 0.427935018252125
